1731308035848 0.53125 0
1731308308862 0.6410416666666667 1
1731308572587 0.6904166666666667 2
1731308833343 0.7360416666666667 3
1731309098953 0.7535416666666667 4
1731309363983 0.780625 5
1731309628373 0.7908333333333334 6
1731309889280 0.8577083333333334 7
1731310163350 0.8727083333333334 8
1731310432003 0.8756250000000001 9
1731310694409 0.8764583333333333 10
1731310973152 0.8947916666666668 11
1731311267645 0.8954166666666667 12
1731311582037 0.8860416666666667 13
1731311888920 0.899375 14
1731312196787 0.9018750000000001 15
1731312501156 0.9010416666666667 16
1731312809142 0.9035416666666667 17
1731313117160 0.899375 18
1731313433261 0.8968750000000001 19
1731313737492 0.9022916666666667 20
1731313998979 0.9062500000000001 21
1731314257690 0.8995833333333334 22
1731314517834 0.9010416666666667 23
1731314781141 0.8989583333333334 24
