1731308035842 1.1732479247140388 0
1731308308858 0.9326181147216509 1
1731308572584 0.8171046807042633 2
1731308833339 0.71296219466875 3
1731309098948 0.6774750507250428 4
1731309363979 0.5815030431227448 5
1731309628369 0.5507048490655143 6
1731309889276 0.39907531498659715 7
1731310163344 0.3621373168103552 8
1731310431999 0.35737494316572943 9
1731310694405 0.3510387899602453 10
1731310973149 0.3077091123062807 11
1731311267640 0.30489081332460044 12
1731311582031 0.3240496855136007 13
1731311888914 0.29176313870508847 14
1731312196783 0.2900277509249281 15
1731312501151 0.29399679228042563 16
1731312809137 0.2803568872854036 17
1731313117157 0.28521535860180547 18
1731313433207 0.30021999604805993 19
1731313737488 0.28151010439304325 20
1731313998974 0.27959304144295555 21
1731314257685 0.28303830364951865 22
1731314517828 0.28201795857322093 23
1731314781139 0.296293310392648 24
